   0.0000000e+00   0.0000000e+00   0.0000000e+00   0.0000000e+00   0.0000000e+00   3.4694470e-18
  -6.6816350e-01  -5.4191408e-02   1.7229401e-01   3.5379989e-03   5.4918306e-03   6.0062106e-03
  -6.6359881e-01  -7.4023270e-03   4.4900610e-01   7.3459947e-03   4.6294742e-03   5.7689316e-03
  -8.7774524e-01   1.2880801e-02   4.1976839e-01   7.3021501e-03   7.5682563e-03   8.0334191e-03
  -9.0050533e-01   4.8679623e-02   6.6399195e-01   9.6149596e-03   7.8055104e-03   8.5662628e-03
  -7.7676139e-01   6.3077029e-02   7.5461396e-01   1.0825563e-02   8.1081342e-03   7.9538091e-03
  -1.1118842e+00   8.7547486e-02   8.0440659e-01   1.2333244e-02   6.2041336e-03   1.0580377e-02
  -7.9500033e-01   7.9046070e-02   6.0857248e-01   1.0562848e-02   9.0532524e-03   7.2242918e-03
  -9.7850332e-01   4.2200337e-02   2.3359284e-01   7.2474766e-03   7.5897732e-03   8.9605428e-03
  -8.6933894e-01   1.0381904e-01   6.9879475e-01   1.1208953e-02   7.1933821e-03   8.5696964e-03
  -8.0249043e-01   8.5156031e-02   4.4208091e-01   9.2333711e-03   8.5387023e-03   7.7311367e-03
  -8.6391019e-01   8.0101686e-02   2.4359297e-01   8.1194197e-03   9.3155707e-03   7.8849935e-03
  -7.5336835e-01   9.9052689e-02   4.7624630e-01   1.0510077e-02   9.7587131e-03   6.9226519e-03
  -8.7960846e-01   6.7012556e-02   1.9653043e-01   7.5405116e-03   1.0101934e-02   8.9875404e-03
  -7.9947604e-01   1.2090344e-01   4.9606681e-01   1.0787728e-02   9.2275790e-03   7.3303162e-03
  -8.5898081e-01   1.0334614e-01   3.1918480e-01   9.5844215e-03   9.6939736e-03   7.9923449e-03
  -9.9605881e-01   1.0482470e-01   1.4974042e-01   7.8248091e-03   8.9725984e-03   9.1581989e-03
  -1.3617212e+00   1.5324818e-01   3.6535130e-01   1.1478528e-02   6.0253804e-03   1.2513119e-02
  -9.7501576e-01   1.1025995e-01   1.8462340e-01   9.0409749e-03   1.0539778e-02   8.8522998e-03
  -8.7354370e-01   1.6002686e-01   3.3479874e-01   1.0544090e-02   1.2966864e-02   8.0476189e-03
  -1.1164840e+00   1.5508226e-01   2.5764414e-01   9.9516037e-03   1.2121760e-02   1.0531772e-02
  -1.0336051e+00   1.3708331e-01   4.3667284e-02   7.2312027e-03   1.3353049e-02   9.6993780e-03
  -9.4986147e-01   1.4838463e-01   2.3685175e-01   9.5430642e-03   1.3590688e-02   8.1830173e-03
  -1.1465790e+00   2.0919149e-01   4.8705488e-01   1.3369694e-02   1.1404350e-02   1.0517879e-02
  -1.0518487e+00   2.1717816e-01   4.8426583e-01   1.2840303e-02   1.2504287e-02   9.4025587e-03
  -1.2811865e+00   2.0707748e-01   1.9526120e-01   1.0922625e-02   1.1737238e-02   1.1695190e-02
  -6.5044002e-01   1.5339589e-01  -9.7324218e-03   1.0027062e-02   1.2662665e-02   5.5050795e-03
  -1.0861320e+00   2.1389923e-01   1.6083291e-01   1.1579755e-02   1.2505033e-02   9.8669233e-03
  -1.0715676e+00   1.9491606e-01   7.1926230e-02   1.0828312e-02   1.3476208e-02   1.0014899e-02
  -1.0713709e+00   2.3154565e-01   1.9442793e-01   1.2417187e-02   1.5925004e-02   9.8724590e-03
  -9.6588249e-01   2.3001152e-01   2.8714722e-01   1.3035000e-02   1.5002145e-02   8.4847686e-03
  -1.4020692e+00   2.7364951e-01   2.9431780e-02   1.0678984e-02   1.8980834e-02   1.3391318e-02
  -1.4276377e+00   2.8239243e-01   1.2336040e-01   1.1123691e-02   1.8032999e-02   1.3147887e-02
  -1.2709705e+00   2.8675412e-01   2.0470232e-01   1.3120941e-02   1.9356030e-02   1.1469171e-02
  -1.1268311e+00   2.9043744e-01   1.9458540e-01   1.3248167e-02   1.8922143e-02   1.0087463e-02
  -1.3594738e+00   3.0191968e-01   6.3066494e-02   1.2427957e-02   1.8376721e-02   1.2481249e-02
  -1.4575146e+00   2.8570184e-01  -6.0025481e-02   1.0901124e-02   1.8170987e-02   1.3585926e-02
  -1.4074012e+00   2.9305463e-01  -2.2320446e-02   1.1256735e-02   1.9372473e-02   1.2676403e-02
  -1.1299113e+00   3.0593304e-01   6.8483149e-02   1.2812216e-02   1.9320753e-02   1.0450982e-02
  -1.3595547e+00   2.8818538e-01  -6.5029590e-02   1.0533405e-02   1.8808075e-02   1.2206514e-02
  -1.3099583e+00   2.9641661e-01   4.4675080e-02   1.2415841e-02   2.0081313e-02   1.1888267e-02
  -1.5468656e+00   3.1088303e-01  -3.5763003e-02   1.1960889e-02   1.7337534e-02   1.4402166e-02
  -1.3891676e+00   3.0919979e-01   9.1207158e-02   1.3118030e-02   1.9365912e-02   1.2768919e-02
  -1.4769204e+00   3.3562248e-01   1.6978552e-01   1.3202118e-02   1.9470850e-02   1.3377030e-02
  -1.3624297e+00   3.1654934e-01  -1.0142815e-01   1.0982957e-02   1.9778771e-02   1.3084964e-02
  -1.1225828e+00   3.0973735e-01   9.9374533e-02   1.4269288e-02   1.8760519e-02   9.6258242e-03
  -1.4889807e+00   3.0783724e-01  -1.2344707e-01   1.2092646e-02   1.8924257e-02   1.3276446e-02
  -1.2648397e+00   3.3079684e-01   9.7281134e-02   1.3961444e-02   2.0575405e-02   1.0615438e-02
  -1.4911232e+00   3.1562163e-01  -1.9498555e-01   1.1380981e-02   2.0147699e-02   1.3917525e-02
  -1.5094226e+00   3.1862815e-01  -2.0542049e-01   1.1312143e-02   2.0408963e-02   1.3389738e-02
  -1.4527828e+00   3.1845635e-01  -1.7988334e-01   1.0871304e-02   2.0166479e-02   1.2903790e-02
  -1.5449187e+00   3.2128201e-01  -2.2795377e-01   1.1342123e-02   1.9953644e-02   1.3590375e-02
  -1.3190936e+00   3.2939758e-01  -5.0795482e-02   1.2443721e-02   2.0680563e-02   1.1708093e-02
  -1.3566581e+00   3.4734231e-01  -4.2272737e-02   1.3954113e-02   2.1138539e-02   1.1727460e-02
  -1.3261161e+00   3.6107306e-01   4.5801147e-02   1.4290775e-02   2.1234752e-02   1.1401763e-02
  -1.2245434e+00   3.2741301e-01  -1.7684848e-02   1.3430267e-02   1.9865767e-02   1.0107685e-02
  -1.6221522e+00   3.7917549e-01  -8.4252047e-01  -4.1612474e-05   3.2608211e-02   1.4408223e-02
  -1.9858920e+00   4.5928250e-01  -7.6807871e-01   3.3090227e-03   2.6097787e-02   1.7457640e-02
  -1.8242109e+00   5.5575008e-01  -8.0488816e-01   2.9764547e-03   2.9102954e-02   1.6271595e-02
  -2.0557000e+00   5.5895292e-01  -8.8582173e-01   2.7636617e-03   2.4368985e-02   1.8196828e-02
