0.00620179  -0.00345312  -0.00424579  0.127581  -0.719449  0.177228  
0.00591304  -0.00399487  -0.00314382  0.103269  -0.648586  0.158855  
0.00627237  -0.00291504  -0.00350199  0.108865  -0.61552  0.14945  
0.00455802  -0.00280258  -0.0028611  0.119619  -0.613494  0.114614  
0.00490773  -0.00337602  -0.0027202  0.103715  -0.576765  0.114569  
0.00295417  -0.00291372  -0.00517556  0.0917348  -0.473915  0.179348  
0.00358971  -0.00358802  -0.00517556  0.0635708  -0.455778  0.14117  
0.00343422  -0.00246096  -0.00457424  0.061065  -0.468509  0.147538  
0.00194907  -0.00263643  -0.00600349  0.082203  -0.392488  0.14689  
0.00256637  -0.00251462  -0.0049118  -0.049163  -0.334259  0.139059  
0.00369469  -0.00265998  -0.00421054  -0.0281345  -0.338925  0.118736  
0.00298039  -0.00264578  -0.00417114  -0.0211968  -0.311869  0.134801  
0.0036693  -0.00289578  -0.00430861  -0.0122372  -0.315967  0.154158  
0.00330697  -0.00342994  -0.00441262  -0.00266941  -0.28635  0.141715  
0.00387875  -0.00351449  -0.0042682  -0.0463271  -0.293423  0.172872  
0.00120097  -0.00376681  -0.00200166  0.149862  -0.351231  0.083037  
0.0025857  -0.00420971  -0.00424813  0.13519  -0.257711  0.112453  
0.00195861  -0.0033765  -0.0039121  0.152048  -0.205088  0.0749781  
0.00249918  -0.00425412  -0.00360156  0.166255  -0.214363  0.101749  
0.000523598  -0.00365965  -0.00387811  0.139667  -0.173428  0.0886799  
0.00175402  -0.00263913  -0.00282448  0.104785  -0.169575  0.135568  
0.0178987  -0.00360021  -0.00152361  0.00415364  -0.480688  0.483409  
0.0183956  -0.00347858  -0.000161442  -0.0423271  -0.383554  0.32672  
0.0103963  -0.00211879  -0.000230023  0.0760328  -0.296395  0.168839  
0.00818454  -0.00246727  -0.00204188  -0.0176466  -0.263163  0.0779299  
0.021995  -0.00431378  -0.0008131  -0.27159  -0.767199  0.553063  
0.00357337  0.00095148  -0.00137024  -0.180938  -0.209172  0.294389  
0.00423748  0.000225715  -0.00180484  -0.15581  -0.18495  0.21141  
0.00505606  0.000283881  -0.000719241  -0.0930232  -0.17782  0.18964  
0.0035573  0.000501247  -0.00145765  -0.169382  -0.0936235  0.16429  
0.00124848  0.000296443  -0.00214352  -0.0971096  -0.0307561  0.098017  
0.000459887  0.00143877  -0.00181316  -0.0620622  -0.0213915  0.0335457  
0.00223967  0.0015856  -0.00206733  -0.104954  -0.0489867  0.0340762  
0.00238968  5.3193e-05  -0.00233862  -0.0821192  -0.0565412  0.0257955  
0.000127628  0.00228765  -0.00223073  -0.0788155  -0.0276554  0.00795856  
0.00172158  -6.91201e-05  -0.0018773  -0.0443237  -0.0265082  0.0276297  
0.00224919  0.000740598  -0.00204702  -0.0615075  -0.00711274  0.02866  
0.00220995  -0.000375051  -0.00265171  -0.0405007  0.0109029  0.0160822  
-6.05981e-05  -0.00018139  -0.000124341  -0.00232623  -0.00119853  0.000140339  
0.00130525  8.78549e-05  -0.00272174  -0.0444465  0.0575707  -0.00413715  
0.00115478  0.00184694  -0.00193544  -0.0388209  0.0924918  0.0162449  
0.00138728  0.000956876  -0.00272158  -0.0405861  0.0898052  0.0133489  
0.00119865  0.00145035  -0.00315282  -0.120106  0.232173  0.0984251  
-0.00023194  0.00181254  -0.00275482  0.0231825  0.262994  0.0372509  
0.000531276  0.00179231  -0.00344223  -0.0833867  0.236456  0.0949621  
-0.00125989  0.00253999  -0.00147918  0.0569228  0.293155  0.00779398  
-0.00248844  0.00125163  -0.00354303  0.0744646  0.31058  0.0140728  
-0.00170303  0.000972825  -0.00289751  0.0500307  0.325092  0.0205189  
-0.00315179  -0.00129744  0.000504955  0.136321  0.278091  0.0286595  
-0.000276886  -0.00459586  0.000819818  0.0309927  0.373074  0.0251302  
-0.000559651  -0.00301468  0.000972249  0.00931194  0.36116  0.00720036  
-0.00203454  -0.00203732  0.00109841  0.0707507  0.416609  -0.00502188  
0.00108628  -0.000703672  0.0011794  0.0597664  0.400864  -0.00920879  
-0.00258454  -0.00355992  0.00257744  0.0499725  0.40559  -0.0549543  
-0.000189038  -0.00504639  0.00277936  -0.0709981  0.435578  -0.0102126  
-0.000849156  -0.00310984  0.00291652  0.0431144  0.473533  -0.0433058  
0.00067995  -0.00359618  0.0028816  0.0894337  0.39146  -0.0348745  
0.000655265  -0.00410566  0.0026793  0.0462691  0.421014  -0.0306811  
0.000313646  -0.00322834  0.00311095  0.0710146  0.42686  -0.0108192  
-0.0030819  -0.00163995  0.00139544  0.0398987  0.513654  0.00452942  
-0.000848561  -0.00180199  0.00137026  0.0632726  0.498963  0.00893164  
-0.000521009  -0.00328595  0.00144075  0.0619271  0.511154  -0.00584991  
-0.000798969  -0.00127332  0.00156999  0.0617156  0.511657  0.00376465  
-0.00341068  -0.00136101  0.00199266  0.130192  0.504209  -0.0364243  
0.00595798  -0.00244541  0.00449339  -0.00822442  0.409137  0.165357  
0.0045261  -0.00140851  0.0039345  0.0865286  0.352679  0.0266453  
0.0050416  -0.00453493  0.00379983  -0.0888686  0.251307  -0.00822625  
0.0189732  -0.0077872  0.007665  -0.426834  -0.201211  0.632435  
0.00232867  -0.00428778  0.00611822  -0.150312  0.133828  0.042823  
0.00182243  -0.0053067  0.00697263  -0.240984  0.16075  0.00129067  
0.00692428  -0.0142308  0.00164974  -2.13033  1.08366  -0.782004  
0.00508973  -0.00965848  -0.00332177  -1.38487  1.06726  -0.564764  
0.00838252  -0.0109242  0.00157877  -1.49707  0.980101  -0.702648  
0.00849442  -0.0113094  0.00147704  -1.4589  0.914291  -0.746801  
0.00810895  -0.00924356  0.00360252  -1.3655  0.948877  -0.764834  
0.00883739  -0.00899597  0.00386531  -1.36301  0.928195  -0.754391  
