   0.0000000e+00   0.0000000e+00   3.1652025e-16   2.2240180e-18   1.3502341e-17  -2.7755576e-17
   6.2280422e-02   5.0194598e-02   1.4716487e-02   4.9012276e-04  -8.9574847e-04  -9.9782381e-04
   2.8370289e-02   6.3157104e-02  -5.7995334e-02   4.8692759e-04  -2.0096616e-04  -6.3263054e-04
   1.3183462e-01   2.0049137e-01   4.0778209e-01   4.9210400e-03  -1.0155460e-03  -1.6135046e-03
  -6.2982696e-02   1.0405985e-01   1.4760796e-01   2.2602156e-03  -2.0520769e-03   3.5348433e-06
   1.3443716e-02   6.4432977e-02   2.3601787e-01   4.6123856e-03   6.0634356e-04  -5.0857414e-04
   2.2318933e-02   1.0249300e-01   1.5325932e-01   4.0967201e-03   1.0320161e-03  -1.0057059e-03
  -1.6989335e-01   2.9600154e-02  -8.1156223e-03   2.4409451e-03   8.6765224e-04   7.2806249e-04
  -9.7517680e-02   9.7333117e-02   3.4160388e-01   6.7732258e-03   1.6494415e-03   1.4081532e-04
  -2.3660029e-01   5.8536463e-02   7.4111062e-02   4.2116214e-03   6.4651699e-04   2.8342588e-04
  -2.2474536e-01   7.5022832e-02  -4.7330613e-03   3.1887651e-03   1.7409525e-04   2.5790833e-04
  -1.7855017e-01   7.8899053e-02  -1.6254526e-02   3.5695791e-03   8.2039624e-05  -8.7375622e-05
  -1.7919880e-01   1.9098012e-02  -9.9723367e-02   2.6566512e-03   3.9806779e-04   3.4360715e-05
  -5.2517208e-02   8.3300554e-02  -7.2480116e-02   3.2840047e-03   5.5294000e-04  -1.0148738e-03
  -6.5946240e-02   3.3613595e-02  -7.5606694e-02   3.0745128e-03   9.8477769e-05  -1.3638058e-03
  -1.9944406e-02   1.9845140e-01   3.2030279e-01   6.0853173e-03  -3.8676551e-03  -3.1678356e-04
   1.3880516e-01   1.6985906e-01   7.1037442e-02   5.1060367e-03   4.0247516e-04  -1.8301959e-03
   1.5854243e-01   2.6258602e-01   1.2267355e-01   6.3297091e-03  -9.2280657e-05  -2.0516607e-03
   4.3073863e-02   1.4641632e-01  -1.0942071e-01   3.7452505e-03  -6.5008714e-04  -6.6127748e-04
   1.7693681e-01   2.7289032e-01   3.4105569e-01   8.3307981e-03  -1.2087691e-03  -2.3257410e-03
  -2.5151451e-02   1.2395516e-01   7.1508071e-02   5.5446026e-03  -1.6658707e-03  -5.6737478e-04
  -2.0718093e-01  -4.2957502e-01  -1.5147679e+00  -1.2408784e-02   2.4995190e-04   1.0989529e-03
  -1.2324706e-01  -3.0647810e-01  -1.5813477e+00  -1.2455996e-02  -1.8934812e-04  -6.8121814e-04
  -2.4815518e-01  -1.0785593e-02  -5.9163512e-01  -2.2438141e-03  -3.1504213e-03   1.0822759e-03
  -4.6841406e-01   3.3684871e-02  -6.8014654e-01  -2.3631947e-03  -1.2986497e-03   2.4925874e-03
  -5.6070558e-01  -6.1756338e-01  -1.5591699e+00  -1.5870785e-02  -1.3637559e-03   1.8440426e-03
  -9.9574035e-01  -3.3877703e-01  -2.4513436e-02   4.0231542e-03  -3.1118937e-03   5.9750132e-03
  -8.8903535e-01  -2.1081837e-01  -2.0316795e-01   2.5680832e-03  -3.0599446e-03   5.1849605e-03
  -9.2483826e-01  -1.8403573e-01  -3.3256392e-01   1.1353525e-03  -3.8445434e-03   5.9352711e-03
  -8.6196106e-01  -9.4845984e-02  -1.4609045e-01   4.1684820e-03  -3.5571970e-03   4.4120178e-03
  -8.1413133e-01   3.0451466e-02   1.3999297e-01   7.8866331e-03  -2.6905522e-03   4.5162969e-03
  -7.9608552e-01   1.4951755e-01   3.3913858e-01   9.6393501e-03  -3.9369065e-03   4.5037444e-03
  -9.8629878e-01   6.3220176e-02  -5.0914259e-02   5.6894693e-03  -2.5220931e-03   6.1294801e-03
  -7.7537661e-01   1.0275028e-01  -9.9479244e-02   5.1913597e-03  -1.9178035e-03   4.2965694e-03
  -9.4280624e-01   1.8213247e-01   4.4631454e-01   1.0469319e-02  -3.5665015e-03   5.6832283e-03
  -7.7064980e-01   1.4089334e-01   7.3597917e-02   7.1502990e-03  -3.3868755e-03   4.3476096e-03
  -8.2989038e-01   9.4033067e-02  -7.8296766e-02   6.0236572e-03  -2.2104648e-03   4.9053269e-03
  -7.7320700e-01   9.8230822e-02  -1.4390360e-01   5.4485169e-03  -2.3717798e-03   4.6622630e-03
  -7.9630570e-01   1.6413992e-01   2.2593972e-01   8.0904164e-03  -6.4410970e-03   4.9106200e-03
  -6.7717181e-01   2.1743654e-01   6.5122565e-02   8.0213658e-03  -2.3498478e-03   3.5537042e-03
  -8.7984241e-01   1.6824790e-01   1.0635252e-01   8.7181805e-03  -4.0861983e-03   5.4857556e-03
  -9.7382208e-01   1.0525118e-01  -3.8905967e-02   7.2044697e-03  -3.4121884e-03   6.4862951e-03
  -1.0017994e+00  -2.4301828e-03  -1.4467019e-01   7.8373982e-03  -2.6812507e-03   6.0613950e-03
  -7.8120102e-01   1.7035477e-01   1.1809892e-01   1.1040984e-02  -2.8185271e-03   5.0062087e-03
  -1.0066569e+00   1.2244866e-02  -9.0174443e-02   8.8317098e-03  -2.2419298e-03   6.3932066e-03
  -8.2707762e-01   2.2464703e-01   3.0499374e-01   1.2593531e-02  -4.6739482e-03   5.4894541e-03
  -6.9096395e-01   2.1955940e-01   2.6222661e-01   1.2680731e-02  -3.0034601e-03   4.6444071e-03
  -6.7581296e-01   2.0443199e-01   1.0727119e-01   1.1333262e-02  -3.3674465e-03   4.3121559e-03
  -2.3141737e-01   2.7996034e-01   2.0051690e-01   1.0981022e-02  -7.3039361e-03   7.0155194e-04
  -8.4726310e-02   2.8017425e-01  -2.1225368e-01   8.1254035e-03  -6.6476436e-03  -2.1202475e-03
  -2.2495660e-01   2.9841646e-01  -1.8820493e-01   8.3094478e-03  -6.3945671e-03  -1.1286118e-03
  -2.6688986e-01   3.3524483e-01   1.7570037e-03   1.0680715e-02  -6.9181635e-03  -1.2931155e-04
  -3.8238283e-01   3.0899634e-01  -2.2776533e-01   8.2280275e-03  -6.9647681e-03   8.6737613e-04
  -1.4925426e-01   4.2347383e-01   4.1717059e-02   1.0087083e-02  -9.7339972e-03  -1.7795037e-03
  -2.0402076e-01   3.1713146e-01  -2.5437097e-01   7.5667792e-03  -8.7299265e-03  -2.2866835e-03
  -1.9466604e-01   3.9653820e-01  -1.1937284e-01   9.4504103e-03  -9.3509394e-03  -1.3780734e-03
  -1.0460499e-01   3.9273261e-01  -2.7958518e-01   7.2113452e-03  -8.5333139e-03  -1.7570713e-03
  -1.6617764e-01   3.3148090e-01  -4.1177727e-01   6.1404456e-03  -8.2951986e-03  -1.4704975e-03
  -2.1574801e-01   3.2456383e-01  -3.1277264e-01   6.9357583e-03  -8.9511594e-03  -7.7550102e-04
  -4.5130408e-01   2.9527179e-01   1.3649279e-01   1.2332454e-02  -8.2502637e-03   1.3068378e-03
  -4.7896175e-01   2.5348873e-01  -2.5395931e-01   8.6348723e-03  -7.2172009e-03   1.8909459e-03
  -3.5850363e-01   2.9971091e-01  -2.9812698e-01   8.1637429e-03  -8.0384206e-03   6.2439443e-04
  -4.7347733e-01   2.6087382e-01  -3.3531426e-01   7.9929028e-03  -7.4190818e-03   1.8255191e-03
  -2.9489510e-01   4.0732989e-01   2.4841268e-01   1.3193577e-02  -8.6191446e-03   4.9395954e-04
  -5.0516800e-01  -9.1845748e-02  -8.8907059e-01   8.2327452e-04  -9.7564839e-03   1.6407798e-03
  -5.4732615e-01   1.2944865e-01  -7.5429212e-01   2.2411114e-03  -9.6675384e-03   2.5881898e-03
  -5.0577816e-01   1.8185775e-01  -7.7041521e-01   8.7339644e-04  -9.4808641e-03   3.8013604e-04
  -4.1279671e-01  -6.0894676e-01  -1.3976931e+00  -1.0623304e-02  -1.0904725e-02  -1.9794003e-03
  -5.3049981e-01   1.3457908e-01  -2.9223016e-01   3.9757865e-03  -1.2330683e-02  -3.2597034e-05
  -4.9441699e-01   2.2382155e-01  -2.1074785e-01   4.5414664e-03  -1.2632611e-02  -1.3438303e-03
  -1.7310697e+00   8.4813525e-01  -1.4233268e+00   2.8029194e-04  -5.7567107e-03  -8.3538915e-03
  -1.4196935e+00   7.3458861e-01  -1.3359811e+00   2.5204370e-03  -3.3049144e-03  -3.6170638e-03
   4.9965491e+01   8.9368985e+01   6.1659125e+01  -2.0155954e+00   3.7888765e-01  -2.2710759e+00
   5.2205752e+01   8.5056688e+01   5.3946416e+01  -2.0326181e+00   2.1819372e-01  -2.2208990e+00
   5.0078788e+01   8.9430999e+01   6.1681722e+01  -2.0289131e+00   3.9434190e-01  -2.2622815e+00
   5.0337622e+01   8.9632834e+01   6.1493997e+01  -2.0374323e+00   4.0611769e-01  -2.2545458e+00
