-0.00247581  -0.00400829  0.00154989  0.00924226  -0.0228426  -0.000117441  
-0.00194697  -0.000378707  0.000916563  0.000442503  0.00571  0.0131942  
0.00125864  -0.00217973  -0.00168195  -0.00375449  0.00539657  -0.0139907  
0.000814454  -0.00136225  0.000227538  0.0129851  -0.0178061  0.00104605  
0.000588508  0.000127309  0.00121937  0.00882017  -0.0285163  0.00654955  
0.00104379  -0.000784166  0.000337217  0.00692373  -0.00732637  0.00151521  
0.00151101  -0.000224382  6.49644e-05  0.00860576  -0.000918746  -0.0188194  
0.00163905  8.45689e-05  0.00113181  0.002742  -0.0355007  -0.0141848  
0.00128389  -0.00165035  0.000237808  0.00401671  -0.0265262  -0.0013291  
0.00118724  0.000732588  0.00108992  0.0111125  -0.0273182  -0.00134517  
0.00229361  -0.00184777  -0.000146787  0.00681705  -0.0139725  -0.0077781  
0.00208723  0.000477371  0.000427438  0.00542597  0.00884397  -0.00690915  
0.00181304  0.00182078  0.000427438  0.00726049  -0.00209805  0.00708829  
0.001257  0.0015126  0.000964873  0.00957095  0.00725775  -0.00500078  
0.00107137  0.000808235  -0.000578586  -0.00348137  0.0232441  -0.00558868  
0.00110074  -0.000185497  -7.04679e-06  -0.00846163  -0.00605758  -0.0140022  
0.00199458  0.00187607  0.0013115  0.0197802  -0.0142693  -0.021955  
0.00129922  0.0013494  0.00284204  0.0194664  -0.0508746  -0.0115401  
0.00117051  -0.000408279  0.000279266  -0.00414682  -0.0403221  -0.00233225  
0.00181372  0.00118758  0.00205712  0.0082661  -0.0119297  -0.00589827  
0.00143432  -0.00118032  0.00120312  -0.000623732  -0.0291748  -0.00653252  
0.000683265  0.000784361  -0.00043703  -0.0184559  0.00440342  -0.00436683  
0.00121399  0.00135602  5.79312e-06  0.00121802  -0.00723372  -0.00294247  
0.00161541  0.00188514  -0.00043703  -0.00126098  0.00933617  -0.00610901  
0.000782236  0.00261973  0.000661631  0.0138246  -0.0106127  -0.0130806  
0.00111469  0.00188514  0.000820888  -0.000348573  -0.0226527  -0.000970414  
0.00123459  -0.000264382  0.000553401  0.00232116  -0.0272029  -0.00649824  
0.00156617  0.0024278  -4.54289e-05  0.0114572  -0.00885991  -0.0059189  
0.00158856  0.00171312  -0.000628681  -0.00110387  -0.0116738  -0.0114768  
0.000327156  0.0012917  0.000710129  0.0194934  -0.0331818  -0.00560168  
0.000975088  0.00143382  0.000601186  0.00860358  -0.0100607  -0.00604512  
0.000884586  0.00142901  -0.00137926  -0.0186326  -0.00177254  -0.000264591  
0.00124845  0.00189499  -0.000586248  -0.00264847  -0.037792  -0.00180925  
0.00156948  0.00151237  0.000453152  0.00271729  0.0110939  -0.00570601  
0.000900673  0.00199595  0.000763981  0.00883432  -0.0187228  -0.0053985  
0.000575291  0.000998013  0.000375337  0.0154797  -0.0291248  -0.00541223  
0.00242215  0.00238657  0.0023323  0.0177281  -0.0514268  -0.0206334  
0.00174307  -0.00174872  0.00238669  0.019516  -0.0456268  -0.00216181  
0.00145713  -0.00130402  0.000409407  -0.00376399  -0.031891  0.00456669  
-0.000132466  5.27654e-05  -0.000865099  0.00580958  -0.0118841  -0.012468  
0.00141017  0.000618406  0.000135122  -0.00772851  -0.0324983  -0.00647378  
0.00165029  0.0011524  0.000873391  0.00752989  -0.00621196  -0.0129499  
0.0013838  -0.00181526  -0.000755305  0.000476055  0.00252305  -0.00126387  
0.00102843  0.00120819  0.0021998  0.0252917  -0.0158837  -0.0199521  
0.00177426  0.00165107  0.000343269  0.00855246  -0.0116039  -0.00258809  
0.00121221  0.00222812  0.00260668  0.014577  -0.0527994  -0.0161728  
0.000963021  0.00121511  0.001857  0.00109159  -0.0464451  -0.00555975  
0  -0  0  0  0  0  
0.000159422  0.000865495  0.000918194  -0.00436324  -0.00375765  -0.00874497  
0.000962017  -0.000422643  -0.000114477  -0.00663222  -0.043211  -0.00157019  
-8.78032e-05  0.00129835  0.000760959  -0.00335772  -0.034374  0.0109029  
0.000809327  0.00124374  0.000886484  -0.00829017  0.014616  -0.00332448  
0.000981499  0.00177841  0.000512521  -0.00718873  -0.0274738  -0.00740901  
0.00130397  0.00124374  0.00232283  0.0196572  -0.0464118  -0.0104097  
0.00134975  0.000287312  0.00212851  0.013861  -0.0622575  -0.0116184  
0.000399232  0.00123484  0.00123603  0.00383026  -0.0313971  -0.00818483  
0.000889835  0.000747236  0.00072928  -0.00426471  -0.0159137  -0.00210411  
0.000657471  0.000351348  0.00125889  -0.000819001  -0.0217966  -0.0147114  
0.000759928  0.00216064  0.00138967  0.0126761  -0.06963  0.000485478  
0.000619327  0.000318155  0.00122794  0.00189137  -0.0634283  -0.00423154  
0.0013678  0.00220041  0.00127793  0.00797505  -0.0556317  -0.0197175  
0.000395608  0.00445842  0.00382896  0.00809011  -0.0562974  -0.00739664  
0.000487339  0.00179256  0.00101759  -0.00216247  -0.0250479  -0.00778279  
0.000920564  0.00172745  0.00112316  0.00292222  -0.0515441  -0.00802282  
0.000904596  0.000475546  -0.0011353  -0.0101424  -0.0248549  0.00578239  
0.000694959  0.000262664  0.000616998  -0.00586454  -0.0917713  -0.00279211  
0.00139217  -0.000512282  0.00282633  0.0254805  -0.0564921  -0.0090387  
0.000698956  0.00165491  0.00210809  0.0156718  -0.0707644  -0.0087091  
0.001196  0.0014138  0.000520386  -0.00787461  -0.0671024  -0.00892734  
0.000826196  0.00151326  0.0010171  0.002128  -0.00250567  -0.00899905  
0.000351824  0.00253381  0.0007166  0.0117613  -0.0204441  -0.00958556  
0.000351824  0.00280461  0.00176908  0.0143736  -0.0566699  0.00706968  
0.000351824  0.000385256  0.00297917  0.0206423  -0.0644032  -0.0104169  
0.000828539  0.000799011  0.00232387  0.0285246  -0.0682157  -0.0105696  
0.00014358  -0.000151368  0.00188039  0.0119333  -0.0599936  -0.0104433  
0.0014325  0.000509091  0.00253848  0.0286937  -0.0391011  -0.0154539  
0.000889782  -0.000175148  0.00207161  0.016666  -0.0507004  -0.0060451  
0.00122684  -6.92048e-05  0.00306837  0.0289087  -0.0486646  -0.011729  
0.00102587  -0.00119857  -0.000740693  -0.0212123  -0.0211872  -0.0114805  
0.000509412  0.000884651  -0.000191913  0.00652778  -0.0101338  -0.0130316  
0.00132128  0.00258341  0.00353276  0.0421847  -0.0471971  -0.00920821  
7.77901e-05  0.000812281  0.00193578  0.017264  -0.00469217  0.00795578  
0.000944531  0.00109535  0.00309055  0.0299317  -0.0603001  0.00274633  
0.000679884  0.000616536  0.00195441  0.0183793  -0.0481894  -0.00680328  
0.000667451  0.00170986  0.00176585  0.0150387  -0.06051  -0.00627078  
0.000948691  0.0010266  0.00111633  0.00826046  -0.0480496  -0.00676097  
0.00137388  -2.49806e-05  0.00131708  0.015543  -0.0502435  -0.0179129  
0.00104996  0.00114677  0.00164975  0.0242525  -0.0450025  -0.00635286  
0.000297954  0.00171999  0.00194637  0.00815324  -0.0502367  -0.00326276  
0.000855373  0.00226147  0.00164932  0.0130997  -0.0502179  -0.00294265  
0.00106577  0.000774202  0.000456167  -0.00299364  -0.0178655  0.0117788  
0.000554301  0.00272637  0.00177204  0.0264434  -0.0376978  -0.00692275  
0.00102187  0.0010276  0.00117573  0.0138382  -0.060389  -0.00366672  
0.000755406  -8.45984e-06  0.00250962  0.0170936  -0.0667603  -0.012173  
-4.18731e-06  0.000612457  -0.00129305  -0.0143553  -0.000436697  -1.17951e-05  
