-0.00133805  -2.41723e-05  -0.000298501  0.0386294  0.0751839  -0.0791773  
-0.0011898  -0.000588386  -1.89209e-05  0.0402181  0.0776758  -0.0748673  
-0.00115427  -0.00061481  0.000243835  0.0391554  0.0694566  -0.074418  
-0.00052123  -0.000701938  -0.000350063  0.0334497  0.0732533  -0.0725338  
-0.000518451  -0.00070994  4.44164e-05  0.0356116  0.0673275  -0.074305  
-0.000758416  -0.000418911  -5.04188e-05  0.0336984  0.0607248  -0.0706495  
-0.00047146  -0.000607406  -0.000209052  0.023133  0.0693252  -0.0774057  
-0.00064914  -0.000286343  -9.74632e-05  0.0326689  0.0587448  -0.0724871  
-0.00113815  -0.00017726  -0.000459812  0.0288693  0.0537293  -0.0651702  
-0.000568687  -0.00236384  -0.00268288  0.0439657  0.021221  -0.0279848  
0.00039647  -0.00264116  -0.00255994  0.0360776  0.0122448  -0.0338192  
-0.000535162  -0.00264116  -0.00212353  0.0310841  0.0184381  -0.0239731  
-0.000484464  -0.00278022  -0.00220042  0.0281762  0.00455942  -0.0305255  
0.000142248  -0.00167343  -0.00221197  0.0271749  0.00835891  -0.029523  
0.000312142  -0.0023818  -0.0022085  0.021297  0.0126895  -0.0239612  
-0.000273032  -0.00178412  -0.00214191  0.022502  0.00236542  -0.024057  
-6.4174e-05  -0.00220743  -0.0021753  0.0206406  0.0031153  -0.0309088  
0.000167484  -0.00196701  -0.00201021  0.0173415  0.0106339  -0.0252958  
-0.000233514  -0.00196701  -0.00203495  0.0146145  0.00872054  -0.0138192  
-0.000317104  -0.00224307  -0.00192449  0.0147345  0.0012563  -0.0138887  
0.000173952  -0.00220264  -0.00191854  0.0179325  0.0127284  -0.0169267  
-0.000413772  -0.00227266  -0.00199914  0.0122693  0.0108723  -0.0177727  
-0.000224442  -0.00233765  -0.00166487  0.00314958  0.017637  -0.00651564  
7.45949e-05  -0.00190904  -0.00176217  0.00310658  0.0130561  -0.0213778  
-0.000438005  -0.00209577  -0.00153543  0.00308145  0.0130929  -0.0194788  
0.000219503  -0.001512  -0.00164413  0.00311835  0.00667496  -0.0171358  
0.000178557  -0.001512  -0.00154125  -0.000219057  0.0177878  -2.68369e-05  
0.000428962  -0.00142882  -0.00155318  -0.00488124  0.00315393  -0.0145591  
0.000333973  -0.00148947  -0.00147302  -0.000364201  -0.000372182  -0.00581295  
1.81067e-05  -0.00154513  -0.0011777  0.000395434  0.00378343  5.63681e-06  
9.51967e-05  -0.00151115  -0.0014779  -0.00123415  0.0056951  -0.0120968  
-0.000390203  -0.00108145  -0.000968278  0.000492067  -0.00665574  -0.016231  
0.000165585  -0.00146388  -0.000532729  0.00664348  0.00377422  1.73951e-05  
-1.56299e-05  -0.000645211  -0.000277167  0.00986591  0.0151943  -0.0125668  
0.000165585  -0.00131769  -0.000925962  -0.00133737  0.00198067  1.63471e-05  
-0.000261802  -0.000952603  -0.000965559  -0.00810397  0.00910252  -7.34116e-07  
-0.000119998  -0.000665772  -8.80364e-05  7.84617e-05  0.00415668  -0.00677491  
7.51566e-06  -0.00123368  -0.000921132  -0.00432702  0.00487769  -4.82053e-06  
-1.99135e-05  -0.000971973  -0.000479061  -0.000835479  -0.00429686  -0.0052647  
-0.000424885  -0.00053525  -0.000570037  0.000605948  0.00620676  -5.77918e-06  
3.72161e-05  -0.000930058  -0.000428271  -0.00372835  0.0127599  6.25676e-06  
-0.000362093  -0.00053525  -0.000204834  -0.00235591  0.00168739  0.0132252  
0.00025553  -0.000403559  -2.40703e-05  1.27351e-05  -0.00702001  0.0026389  
-0.000203132  -0.000533722  -8.37299e-05  4.07196e-06  -0.00160044  0.00669359  
-0.000233275  -0.000502092  3.85603e-05  1.91617e-05  0.00188394  0.00999541  
5.1208e-05  -0.000425722  0.00019536  -0.00456672  0.00253927  0.00624418  
0.000288955  -0.000403162  0  6.23944e-06  0.00807393  6.47856e-06  
0  -0  0  0  0  0  
0.000405981  -0  0.000211963  2.07432e-06  0.00655988  -3.97389e-06  
2.92014e-05  -0  0.000269389  0.000281303  0.0029519  0.0126877  
0.000163753  -0.000175224  0.000415805  1.68757e-05  0.00724028  0.000176774  
0.000329181  -0.000456287  0.000233287  3.23072e-05  0.0108316  0.0099668  
0.000439902  -0.000170015  -0.000158194  -0.00431737  0.0168977  0.016922  
0.000178045  -0.000804439  -0.000112139  2.77165e-05  0.0168839  0.0200292  
0.000178045  -0.000412922  0.000162423  1.35781e-05  0.0168834  0.016464  
0.000178045  -0.000313672  0.00017681  -0.00209185  0.0220363  0.0195114  
0.000178045  -0.000523978  -5.91101e-05  3.47942e-05  0.0124931  0.0169717  
0.000373676  -0.000206495  -2.28018e-05  -0.00345471  0.00667941  0.0205396  
0.000303675  -0.000228527  0.000233774  -0.00119537  0.00391773  0.000188632  
0.000197438  -0.000241645  -1.79442e-05  -0.00569633  0.00644903  0.0200565  
0.00012512  -0.000417914  -0.000339985  -0.00322388  0.00532853  0.0181691  
0.000116695  -0.000133089  0.000382519  -0.00418906  0.0025923  0.0140074  
0.00024148  0.000311567  0.000130455  -0.00119796  -0.00164917  0.022413  
0.000448264  -0.000161823  -3.34027e-05  -0.00117888  0.00361198  0.0172726  
6.8867e-05  3.5489e-05  0.000486395  -0.00118904  0.00590239  0.0214385  
0.000513958  2.88752e-05  0.000367735  -0.00119023  -0.000704359  0.0203218  
0.000437084  -9.33963e-05  0.000486395  -0.00117591  0.00397596  0.0234616  
3.23218e-05  -3.49653e-05  7.62784e-05  -0.00120535  0.00583112  0.0169728  
-5.2313e-05  -0.000157843  0.000486395  -0.00119275  0.0024363  0.0185785  
0.000172744  -9.17113e-05  0.000486395  -0.00118189  0.00479412  0.024053  
6.84049e-05  0.000442827  -7.88033e-05  -0.00358827  0.0109441  0.0250903  
0.000187699  1.49255e-05  0.000486395  0.00106982  -0.0104392  0.0186171  
0.000150488  -7.54521e-05  -0.000222524  -0.00158703  0.00583773  0.0247055  
8.79619e-05  -0.000110882  -0.000272297  -0.00411045  0.00599978  0.0271277  
8.79619e-05  -8.12715e-05  -0.000899734  -0.0084238  0.00600797  0.0289417  
8.79619e-05  -0.000156825  -0.000539399  -0.0125458  0.00560378  0.0305583  
-9.98972e-05  -0.000292652  -0.000624177  -0.00460966  0.00641503  0.0249315  
-9.98972e-05  -0.000351567  -0.000670327  -0.00925406  0.0158529  0.0310522  
0.000385322  -0.000317662  -0.000376221  -0.00168342  0.0298194  0.0297272  
0.00027926  0.000289754  -0.000412228  -0.00444913  0.0190552  0.0316767  
0.000259121  -0.000248916  -0.00072143  -0.00669559  0.0186246  0.036206  
0.000237819  -0.000107148  -5.69712e-05  -0.00542259  0.0210859  0.0409605  
0.000247637  -9.03916e-05  -0.000163335  -0.0054045  0.0182589  0.0409715  
0.000398215  -0.000379362  -0.000430547  -0.00507557  0.017426  0.03524  
0.000514674  -2.60735e-06  -0.000521797  -0.00569066  0.0133629  0.0346516  
0.00012988  3.43453e-05  -0.000562704  -0.00741063  0.0122373  0.0409738  
0.000440608  0.000254984  -0.000118217  -0.00341122  0.0292864  0.0409735  
0.000554916  8.13976e-06  -0.000329893  -0.00829907  0.0361462  0.0306007  
0.000506069  9.31802e-05  -0.000128762  -0.00817034  0.0361385  0.0409381  
0.000248178  0.000297247  -0.000128762  -0.00944538  0.0361269  0.0409532  
0.000535811  0.000217829  -0.000356257  -0.00937801  0.0362358  0.0466038  
0.000448189  7.81279e-06  -0.000697592  -0.00941048  0.0248603  0.0441229  
0.000762186  0.000434  -0.000353671  -0.00949718  0.0272526  0.0409626  
0.000491561  0.000241948  -0.000700588  -0.0094702  0.00853975  0.040958  
0.000494897  0.000574739  -0.000246571  -0.0133916  0.0330119  0.0363767  
